3.246524673583497389e-01 0.000000000000000000e+00
3.332076803947920385e-01 0.000000000000000000e+00
3.418843162918875911e-01 0.000000000000000000e+00
3.506801897602214724e-01 0.000000000000000000e+00
3.595929487459095797e-01 0.000000000000000000e+00
3.686200730387335645e-01 0.000000000000000000e+00
3.777588731036558012e-01 0.000000000000000000e+00
3.870064891435466281e-01 0.000000000000000000e+00
3.963598904006593870e-01 0.000000000000000000e+00
4.058158747040628844e-01 0.000000000000000000e+00
4.153710682698862344e-01 0.000000000000000000e+00
4.250219257608548462e-01 0.000000000000000000e+00
4.347647306111914745e-01 0.000000000000000000e+00
4.445955956225313144e-01 0.000000000000000000e+00
4.545104638360459304e-01 0.000000000000000000e+00
4.645051096854971862e-01 0.000000000000000000e+00
4.745751404354457414e-01 0.000000000000000000e+00
4.847159979083169867e-01 0.000000000000000000e+00
4.949229605034926593e-01 0.000000000000000000e+00
5.051911455110293936e-01 0.000000000000000000e+00
5.155155117220372452e-01 0.000000000000000000e+00
5.258908623371463253e-01 0.000000000000000000e+00
5.363118481738875509e-01 0.000000000000000000e+00
5.467729711731788012e-01 0.000000000000000000e+00
5.572685882044756678e-01 0.000000000000000000e+00
5.677929151684926179e-01 0.000000000000000000e+00
5.783400313957370864e-01 0.000000000000000000e+00
5.889038843384321043e-01 0.000000000000000000e+00
5.994782945527249440e-01 0.000000000000000000e+00
6.100569609674006966e-01 0.000000000000000000e+00
6.206334664346260244e-01 0.000000000000000000e+00
6.312012835575736558e-01 0.000000000000000000e+00
6.417537807890812962e-01 0.000000000000000000e+00
6.522842287948205087e-01 0.000000000000000000e+00
6.627858070737693286e-01 0.000000000000000000e+00
6.732516108281070277e-01 0.000000000000000000e+00
6.836746580739874179e-01 0.000000000000000000e+00
6.940478969839860568e-01 0.000000000000000000e+00
7.043642134513792286e-01 0.000000000000000000e+00
7.146164388657745281e-01 0.000000000000000000e+00
7.247973580890099132e-01 0.000000000000000000e+00
7.348997176196294667e-01 0.000000000000000000e+00
7.449162339336798944e-01 0.000000000000000000e+00
7.548396019890073472e-01 0.000000000000000000e+00
7.646625038797110196e-01 0.000000000000000000e+00
7.743776176268969413e-01 0.000000000000000000e+00
7.839776260914042005e-01 0.000000000000000000e+00
7.934552259937177610e-01 0.000000000000000000e+00
8.028031370258699173e-01 0.000000000000000000e+00
8.120141110397391948e-01 0.000000000000000000e+00
8.210809412958041120e-01 0.000000000000000000e+00
8.299964717560870398e-01 0.000000000000000000e+00
8.387536064047429463e-01 0.000000000000000000e+00
8.473453185794979081e-01 0.000000000000000000e+00
8.557646602969366523e-01 0.000000000000000000e+00
8.640047715544690865e-01 0.000000000000000000e+00
8.720588895916749905e-01 0.000000000000000000e+00
8.799203580936423297e-01 0.000000000000000000e+00
8.875826363188654700e-01 0.000000000000000000e+00
8.950393081342672419e-01 0.000000000000000000e+00
9.022840909399467701e-01 0.000000000000000000e+00
9.093108444663381418e-01 0.000000000000000000e+00
9.161135794265873322e-01 0.000000000000000000e+00
9.226864660071246727e-01 0.000000000000000000e+00
9.290238421796194190e-01 0.000000000000000000e+00
9.351202218177570025e-01 0.000000000000000000e+00
9.409703026025755257e-01 0.000000000000000000e+00
9.465689737004330251e-01 0.000000000000000000e+00
9.519113231980612655e-01 0.000000000000000000e+00
9.569926452795735061e-01 0.000000000000000000e+00
9.618084471307589700e-01 0.000000000000000000e+00
9.663544555564906879e-01 0.000000000000000000e+00
9.706266232976074049e-01 0.000000000000000000e+00
9.746211350342035562e-01 0.000000000000000000e+00
9.783344130628637281e-01 0.000000000000000000e+00
9.817631226360198360e-01 0.000000000000000000e+00
9.849041769522762779e-01 0.000000000000000000e+00
9.877547417872509783e-01 0.000000000000000000e+00
9.903122397552086564e-01 0.000000000000000000e+00
9.925743541925149405e-01 0.000000000000000000e+00
9.945390326547218773e-01 0.000000000000000000e+00
9.962044900198950836e-01 0.000000000000000000e+00
9.975692111916124594e-01 0.000000000000000000e+00
9.986319533959080452e-01 0.000000000000000000e+00
9.993917480672835918e-01 0.000000000000000000e+00
9.998479023197828219e-01 0.000000000000000000e+00
1.000000000000000000e+00 0.000000000000000000e+00
9.998479023197828219e-01 0.000000000000000000e+00
9.993917480672835918e-01 0.000000000000000000e+00
9.986319533959080452e-01 0.000000000000000000e+00
9.975692111916124594e-01 0.000000000000000000e+00
9.962044900198950836e-01 0.000000000000000000e+00
9.945390326547218773e-01 0.000000000000000000e+00
9.925743541925149405e-01 0.000000000000000000e+00
9.903122397552086564e-01 0.000000000000000000e+00
9.877547417872509783e-01 0.000000000000000000e+00
9.849041769522762779e-01 0.000000000000000000e+00
9.817631226360198360e-01 0.000000000000000000e+00
9.783344130628637281e-01 0.000000000000000000e+00
9.746211350342035562e-01 0.000000000000000000e+00
9.706266232976075159e-01 0.000000000000000000e+00
9.663544555564906879e-01 0.000000000000000000e+00
9.618084471307590810e-01 0.000000000000000000e+00
9.569926452795735061e-01 0.000000000000000000e+00
9.519113231980613765e-01 0.000000000000000000e+00
9.465689737004331361e-01 0.000000000000000000e+00
9.409703026025755257e-01 0.000000000000000000e+00
9.351202218177571135e-01 0.000000000000000000e+00
9.290238421796194190e-01 0.000000000000000000e+00
9.226864660071247837e-01 0.000000000000000000e+00
9.161135794265873322e-01 0.000000000000000000e+00
9.093108444663382528e-01 0.000000000000000000e+00
9.022840909399467701e-01 0.000000000000000000e+00
8.950393081342672419e-01 0.000000000000000000e+00
8.875826363188655810e-01 0.000000000000000000e+00
8.799203580936423297e-01 0.000000000000000000e+00
8.720588895916751015e-01 0.000000000000000000e+00
8.640047715544690865e-01 0.000000000000000000e+00
8.557646602969367633e-01 0.000000000000000000e+00
8.473453185794979081e-01 0.000000000000000000e+00
8.387536064047429463e-01 0.000000000000000000e+00
8.299964717560871508e-01 0.000000000000000000e+00
8.210809412958041120e-01 0.000000000000000000e+00
8.120141110397393058e-01 0.000000000000000000e+00
8.028031370258699173e-01 0.000000000000000000e+00
7.934552259937178720e-01 0.000000000000000000e+00
7.839776260914042005e-01 0.000000000000000000e+00
7.743776176268970524e-01 0.000000000000000000e+00
7.646625038797110196e-01 0.000000000000000000e+00
7.548396019890072361e-01 0.000000000000000000e+00
7.449162339336798944e-01 0.000000000000000000e+00
7.348997176196294667e-01 0.000000000000000000e+00
7.247973580890100243e-01 0.000000000000000000e+00
7.146164388657745281e-01 0.000000000000000000e+00
7.043642134513793396e-01 0.000000000000000000e+00
6.940478969839861678e-01 0.000000000000000000e+00
6.836746580739875290e-01 0.000000000000000000e+00
6.732516108281071388e-01 0.000000000000000000e+00
6.627858070737693286e-01 0.000000000000000000e+00
6.522842287948206197e-01 0.000000000000000000e+00
6.417537807890812962e-01 0.000000000000000000e+00
6.312012835575737668e-01 0.000000000000000000e+00
6.206334664346260244e-01 0.000000000000000000e+00
6.100569609674008076e-01 0.000000000000000000e+00
5.994782945527249440e-01 0.000000000000000000e+00
5.889038843384319932e-01 0.000000000000000000e+00
5.783400313957371974e-01 0.000000000000000000e+00
5.677929151684926179e-01 0.000000000000000000e+00
5.572685882044756678e-01 0.000000000000000000e+00
5.467729711731788012e-01 0.000000000000000000e+00
5.363118481738877730e-01 0.000000000000000000e+00
5.258908623371463253e-01 0.000000000000000000e+00
5.155155117220371341e-01 0.000000000000000000e+00
5.051911455110295046e-01 0.000000000000000000e+00
4.949229605034926593e-01 0.000000000000000000e+00
4.847159979083170978e-01 0.000000000000000000e+00
4.745751404354457414e-01 0.000000000000000000e+00
4.645051096854972972e-01 0.000000000000000000e+00
4.545104638360459304e-01 0.000000000000000000e+00
4.445955956225314809e-01 0.000000000000000000e+00
4.347647306111916410e-01 0.000000000000000000e+00
4.250219257608548462e-01 0.000000000000000000e+00
4.153710682698863454e-01 0.000000000000000000e+00
4.058158747040628844e-01 0.000000000000000000e+00
3.963598904006594981e-01 0.000000000000000000e+00
3.870064891435466281e-01 0.000000000000000000e+00
3.777588731036559122e-01 0.000000000000000000e+00
3.686200730387335645e-01 0.000000000000000000e+00
3.595929487459097462e-01 0.000000000000000000e+00
3.506801897602216389e-01 0.000000000000000000e+00
3.418843162918875911e-01 0.000000000000000000e+00
3.332076803947922050e-01 0.000000000000000000e+00
